comic_num,panels,words
1,0,34
2,0,28
3,0,7
4,0,18
5,0,50
6,0,59
7,0,9
8,0,25
9,0,95
10,0,3
11,0,23
12,0,60
13,0,86
14,0,35
15,0,40
16,0,178
17,0,53
18,0,77
19,0,48
20,0,111
21,0,59
22,0,30
23,0,95
24,32,620
25,0,20
26,0,42
27,0,23
28,0,51
29,0,106
30,0,76
31,0,53
32,0,115
33,0,35
34,0,9
35,0,37
36,0,23
37,0,45
38,0,44
39,0,36
40,0,35
41,0,47
42,0,24
43,0,35
44,0,48
45,0,52
46,0,26
47,0,38
48,0,41
49,0,65
50,0,41
51,0,33
52,0,72
53,0,55
54,0,44
55,0,70
56,0,64
57,0,90
58,0,34
59,0,134
60,0,31
61,0,55
62,0,67
63,0,36
64,0,39
65,0,120
66,0,47
67,0,45
68,0,213
69,0,35
70,0,96
71,0,29
72,0,109
73,0,41
74,0,43
75,0,27
76,0,104
77,0,106
78,0,105
79,0,69
80,0,22
81,0,59
82,0,48
83,0,162
84,0,79
85,0,141
86,0,67
87,0,64
88,0,36
89,0,105
90,0,51
91,0,26
92,0,129
93,0,68
94,0,88
95,0,24
96,0,114
97,0,44
98,0,67
99,0,39
100,0,46
101,0,47
102,0,110
103,0,66
104,0,117
105,0,80
106,0,102
107,0,62
108,0,100
109,0,33
110,0,25
111,0,19
112,0,79
113,0,99
114,0,85
115,0,47
116,0,45
117,0,119
118,0,78
119,0,69
120,0,127
121,0,38
122,0,88
123,0,134
124,0,334
125,0,133
126,0,27
127,0,96
128,0,98
129,0,86
130,0,96
131,0,64
132,0,156
133,0,66
134,0,45
135,0,323
136,0,55
137,0,283
138,0,59
139,0,75
140,0,62
141,0,422
142,0,164
143,0,13
144,0,27
145,0,165
146,0,94
147,0,108
148,0,60
149,0,40
150,0,105
151,0,46
152,0,110
153,0,64
154,0,158
155,0,131
156,0,73
157,0,41
158,0,125
159,0,77
160,3,294
161,0,38
162,0,91
163,0,98
164,0,158
165,0,139
166,0,46
167,0,118
168,0,63
169,0,133
170,0,109
171,0,36
172,0,50
173,0,97
174,0,46
175,0,45
176,0,96
177,0,178
178,0,58
179,0,85
180,0,92
181,0,130
182,0,155
183,0,91
184,0,48
185,0,55
186,0,58
187,0,74
188,0,47
189,0,54
190,0,97
191,0,33
192,0,103
193,0,94
194,0,53
195,0,334
196,0,121
197,0,62
198,0,75
199,0,153
200,0,78
201,0,80
202,0,129
203,0,51
204,0,27
205,0,73
206,0,136
207,0,302
208,0,99
209,0,89
210,0,24
211,6,151
212,0,61
213,4,110
214,0,57
215,0,79
216,1,143
217,0,96
218,0,71
219,0,145
220,0,77
221,0,27
222,0,83
223,0,38
224,0,153
225,0,156
226,0,71
227,0,69
228,0,120
229,0,83
230,2,171
231,0,62
232,1,78
233,0,33
234,0,160
235,0,137
236,0,79
237,0,96
238,0,34
239,0,164
240,0,182
241,0,73
242,0,62
243,0,68
244,0,57
245,0,114
246,0,72
247,0,128
248,0,86
249,0,104
250,0,86
251,0,75
252,0,115
253,3,85
254,0,167
255,0,127
256,0,248
257,0,91
258,0,172
259,0,33
260,0,176
261,1,75
262,0,68
263,0,157
264,0,180
265,0,140
266,0,106
267,0,273
268,0,85
269,0,198
270,0,126
271,0,83
272,0,69
273,6,505
274,0,123
275,0,47
276,0,150
277,0,180
278,0,129
279,0,88
280,1,70
281,0,35
282,0,68
283,0,149
284,0,48
285,0,55
286,0,150
287,0,114
288,0,91
289,0,123
290,0,59
291,0,39
292,0,70
293,0,96
294,0,108
295,0,63
296,0,50
297,0,88
298,0,144
299,0,155
300,0,87
301,0,31
302,0,82
303,0,67
304,0,211
305,0,161
306,0,142
307,0,71
308,0,91
309,0,128
310,0,73
311,0,204
312,0,52
313,0,103
314,0,215
315,0,71
316,0,141
317,0,62
318,0,70
319,0,75
320,0,187
321,0,56
322,0,202
323,0,103
324,0,71
325,0,94
326,0,55
327,0,89
328,0,98
329,0,50
330,0,114
331,0,65
332,0,61
333,0,38
334,0,54
335,5,207
336,0,68
337,0,121
338,0,79
339,4,83
340,0,115
341,0,189
342,0,161
343,0,235
344,0,299
345,0,315
346,0,115
347,0,82
348,0,38
349,0,158
350,0,190
351,0,72
352,0,49
353,0,123
354,0,30
355,0,55
356,0,210
357,0,124
358,0,63
359,0,78
360,0,124
361,0,73
362,0,137
363,0,27
364,0,84
365,0,65
366,0,65
367,0,93
368,0,191
369,0,135
370,0,153
371,0,79
372,0,112
373,0,51
374,0,206
375,0,117
376,0,59
377,0,161
378,0,215
379,2,56
380,0,87
381,0,120
382,0,118
383,0,27
384,0,76
385,0,61
386,0,44
387,0,30
388,0,197
389,0,83
390,0,58
391,0,9
392,0,90
393,0,136
394,0,151
395,0,73
396,0,106
397,0,120
398,0,87
399,0,95
400,0,73
401,0,74
402,0,166
403,0,64
405,0,165
406,0,165
407,0,46
408,0,117
409,1,230
410,0,82
411,0,64
412,0,83
413,0,161
414,0,116
415,0,72
416,0,108
417,0,459
418,0,71
419,0,132
420,0,145
421,0,81
422,0,56
423,1,125
424,3,108
425,0,54
426,0,60
427,0,73
428,1,72
429,6,175
430,0,105
431,0,72
432,0,34
433,0,120
434,0,154
435,0,133
436,0,72
437,0,108
438,0,121
439,0,92
440,0,110
441,0,60
442,0,513
443,0,44
444,0,69
445,0,65
446,0,144
447,0,78
448,0,68
449,0,67
450,0,45
451,0,117
452,0,154
453,1,208
454,0,75
455,0,35
456,0,220
457,0,20
458,0,29
459,0,74
460,0,104
461,0,386
462,0,70
463,0,123
464,0,105
465,0,141
466,0,73
467,0,128
468,0,81
469,1,282
470,0,55
471,0,176
472,0,458
473,0,76
474,0,96
475,0,106
476,0,177
477,1,118
478,0,99
479,0,99
480,0,50
481,0,94
482,0,370
483,0,82
484,0,99
485,0,192
486,0,138
487,0,74
488,0,144
489,0,117
490,0,39
491,0,53
492,0,47
493,0,105
494,0,161
495,0,217
496,0,288
497,0,251
498,0,443
499,0,146
500,0,118
501,0,43
502,0,117
503,0,37
504,0,145
505,0,484
506,1,63
507,0,65
508,0,24
509,0,202
510,0,52
511,1,78
512,0,66
513,0,347
514,0,40
515,0,86
516,0,96
517,0,160
518,0,142
519,0,53
520,0,179
521,0,358
522,0,115
523,0,70
524,0,191
525,0,77
526,0,544
527,0,81
528,0,147
529,0,136
530,0,221
531,0,66
532,0,112
533,0,144
534,0,54
535,0,73
536,0,70
537,0,76
538,0,89
539,0,74
540,5,384
541,0,143
542,0,87
543,0,31
544,0,73
545,0,68
546,0,117
547,0,100
548,0,123
549,0,86
550,0,57
551,0,122
552,0,55
553,0,60
554,0,110
555,0,71
556,0,239
557,0,143
558,0,77
559,0,76
560,0,165
561,0,165
562,0,130
563,0,93
564,0,96
565,0,104
566,0,385
567,0,105
568,4,112
569,0,155
570,0,79
571,4,132
572,0,192
573,0,111
574,0,215
575,0,98
576,0,148
577,0,33
578,0,224
579,0,208
580,0,373
581,0,67
582,1,59
583,4,79
584,5,227
585,16,240
586,4,121
587,2,92
588,4,129
589,4,170
590,1,70
591,6,315
592,4,127
593,6,208
594,4,57
595,6,115
596,3,144
597,4,93
598,4,115
599,12,214
600,5,92
601,4,63
602,11,449
603,7,197
604,3,99
605,1,107
606,4,147
607,2,65
608,4,105
609,24,127
610,1,64
611,5,215
612,2,81
613,3,47
614,17,191
615,4,137
616,4,125
617,8,185
618,4,151
619,2,88
620,11,190
621,4,150
622,4,84
623,8,158
624,4,85
625,4,91
626,5,56
627,12,225
628,4,109
629,3,102
630,0,50
631,4,143
632,3,162
633,6,205
634,1,79
635,7,213
636,4,90
637,3,97
638,2,75
639,2,82
640,4,142
641,1,67
642,5,106
643,1,39
644,4,105
645,1,24
646,1,66
647,4,117
648,2,70
649,5,119
650,3,54
651,1,112
652,4,111
653,1,144
654,6,137
655,4,88
656,1,59
657,6,343
658,1,99
659,5,113
660,4,90
661,5,121
662,3,115
663,6,88
664,5,146
665,8,95
666,4,190
667,5,97
668,1,70
669,9,112
670,4,88
671,4,126
672,4,162
673,4,173
674,4,85
675,4,147
676,1,97
677,7,138
678,0,127
679,0,117
680,0,116
681,9,565
682,2,49
683,10,214
684,5,122
685,5,102
686,4,98
687,2,85
688,3,147
689,13,268
690,1,81
691,4,173
692,2,82
693,5,183
694,4,111
695,10,198
696,6,118
697,1,168
698,10,104
699,2,75
700,5,160
701,5,209
702,14,205
703,3,181
704,4,163
705,3,118
706,5,139
707,3,57
708,4,119
709,2,84
710,1,111
711,2,80
712,4,177
713,3,114
714,4,110
715,11,430
716,4,108
717,4,51
718,2,203
719,2,99
720,3,116
721,4,135
722,3,87
723,5,188
724,1,73
725,4,177
726,4,73
727,4,131
728,4,94
729,8,132
730,11,974
731,1,130
732,2,96
733,2,79
734,4,129
735,1,120
736,1,69
737,3,156
738,1,69
739,1,119
740,3,179
741,1,96
742,1,68
743,5,166
744,3,103
745,1,58
746,4,79
747,1,71
748,6,292
749,1,61
750,4,131
751,1,67
752,5,120
753,3,153
754,2,73
755,3,89
756,2,107
757,3,86
758,3,76
759,1,98
760,4,98
761,6,210
762,4,150
763,3,150
764,3,70
765,2,82
766,2,92
767,3,98
768,4,211
769,7,108
770,4,50
771,1,82
772,5,112
773,0,144
774,1,52
775,1,104
776,4,81
777,5,69
778,5,172
779,1,71
780,0,117
781,1,47
782,4,111
783,4,209
784,4,79
785,4,162
786,5,181
787,3,129
788,4,141
789,4,84
790,2,70
791,3,105
792,13,469
793,1,155
794,2,117
795,2,84
796,4,200
797,2,57
798,1,243
799,4,150
800,3,140
801,3,174
802,15,979
803,6,249
804,2,177
805,6,121
806,9,343
807,1,88
808,3,118
809,6,141
810,1,117
811,1,92
812,1,86
813,1,162
814,1,64
815,1,92
816,4,136
817,1,35
818,1,157
819,18,510
820,29,508
821,21,488
822,9,295
823,5,107
824,9,226
825,3,138
826,35,918
827,5,236
828,5,247
829,4,199
830,3,172
831,5,116
832,5,125
833,4,97
834,3,103
835,1,105
836,3,155
837,5,119
838,3,110
839,0,177
840,4,62
841,5,208
842,7,225
843,1,110
844,9,137
845,1,52
846,6,153
847,6,297
848,3,101
849,3,97
850,73,341
851,1,60
852,10,202
853,4,72
854,2,103
855,5,196
856,8,289
857,3,50
858,4,64
859,1,36
860,4,84
861,5,254
862,4,169
863,4,110
864,4,99
865,4,132
866,1,65
867,2,110
868,1,72
869,6,140
870,4,173
871,3,106
872,3,172
873,1,89
874,3,100
875,2,66
876,4,142
877,5,192
878,12,343
879,4,54
880,1,68
881,4,99
882,24,434
883,6,139
884,3,85
885,1,117
886,1,284
887,91,1143
888,1,92
889,6,65
890,5,99
891,1,221
892,2,65
893,3,168
894,2,91
895,4,79
896,7,282
897,2,74
898,1,103
899,15,201
900,3,112
901,4,44
902,4,98
903,2,168
904,1,41
905,4,128
906,1,67
907,2,112
908,5,220
909,4,251
910,5,179
911,4,166
912,1,58
913,4,114
914,4,170
915,5,337
916,1,60
917,3,98
918,3,63
919,4,83
920,1,77
921,12,366
922,2,72
923,4,84
924,3,72
925,4,147
926,4,143
927,4,64
928,1,90
929,5,162
930,1,251
931,8,402
932,3,118
933,5,148
934,1,56
935,8,186
936,8,445
937,3,115
938,4,262
939,5,82
940,5,157
941,12,501
942,8,148
943,4,110
944,1,146
945,2,75
946,1,109
947,4,94
948,4,189
949,2,189
950,6,153
951,2,135
952,1,81
953,1,60
954,8,412
955,5,238
956,6,138
957,1,46
958,4,185
959,3,57
960,3,308
961,1,46
962,4,138
963,1,70
964,6,192
965,1,90
966,1,89
967,1,115
968,3,122
969,5,87
970,4,101
971,4,213
972,4,68
973,4,140
974,3,105
975,4,198
976,6,111
977,15,811
978,5,302
979,1,113
980,5,164
981,3,151
982,1,107
983,6,160
984,4,219
985,1,135
986,2,104
987,3,114
988,1,171
989,6,187
990,8,197
991,4,89
992,8,303
993,1,161
994,1,93
995,4,49
996,4,103
997,22,478
998,3,100
999,1,110
1000,2,55
1001,4,95
1002,6,174
1003,1,31
1004,7,158
1005,1,116
1006,1,86
1007,1,121
1008,4,139
1009,1,71
1010,7,298
1011,2,111
1012,0,148
1013,8,161
1014,5,168
1015,1,141
1016,7,274
1017,15,375
1018,5,127
1019,1,135
1020,3,108
1021,7,123
1022,1,52
1023,4,232
1024,6,121
1025,1,83
1026,1,113
1027,9,334
1028,18,446
1029,8,163
1030,4,151
1031,1,181
1032,5,266
1033,1,32
1034,4,98
1035,5,219
1036,4,233
1037,101,2641
1038,6,60
1039,3,49
1040,4,266
1041,4,101
1042,3,55
1043,1,251
1044,3,271
1045,3,104
1046,4,113
1047,34,565
1048,2,179
1049,4,113
1050,1,128
1051,3,159
1052,39,451
1053,2,179
1054,0,52
1055,0,136
1056,1,141
1057,3,109
1058,6,140
1059,4,107
1060,2,110
1061,5,191
1062,1,66
1063,7,181
1064,1,186
1065,4,132
1066,6,163
1067,1,83
1068,11,150
1069,1,69
1070,1,82
1071,2,158
1072,3,91
1073,4,114
1074,4,179
1075,1,42
1076,5,121
1077,2,54
1078,1,30
1079,3,348
1080,16,750
1081,8,142
1082,4,97
1083,5,89
1084,5,105
1085,1,168
1086,3,272
1087,1,94
1088,4,96
1089,1,107
1090,3,79
1091,3,55
1092,4,101
1093,1,205
1094,16,190
1095,2,102
1096,1,73
1097,1,72
1098,2,76
1099,5,71
1100,6,169
1101,2,68
1102,4,133
1103,1,120
1104,5,190
1105,3,196
1106,5,108
1107,3,179
1108,4,143
1109,1,103
1110,4,105
1111,3,140
1112,8,250
1113,2,93
1114,4,161
1115,5,98
1116,1,118
1117,4,144
1118,1,82
1119,1,68
1120,5,101
1121,3,109
1122,58,835
1123,0,30
1124,1,68
1125,1,47
1126,26,1218
1127,2,83
1128,1,65
1129,1,78
1130,1,66
1131,1,101
1132,4,146
1133,30,608
1134,5,142
1135,4,96
1136,4,156
1137,1,87
1138,3,132
1139,6,172
1140,5,291
1141,12,318
1142,2,77
1143,4,153
1144,0,21
1145,1,107
1146,3,84
1147,7,57
1148,4,88
1149,4,145
1150,4,174
1151,4,120
1152,4,85
1153,1,71
1154,3,77
1155,1,91
1156,1,100
1157,1,112
1158,4,142
1159,4,97
1160,2,79
1161,4,59
1162,2,113
1163,3,90
1164,1,66
1165,1,71
1166,1,115
1167,4,144
1168,4,135
1169,1,67
1170,4,167
1171,4,59
1172,5,96
1173,4,107
1174,1,83
1175,0,104
1176,5,174
1177,4,136
1178,1,79
1179,6,142
1180,1,55
1181,3,62
1182,3,42
1183,4,52
1184,3,33
1185,12,267
1186,0,45
1187,1,67
1188,0,68
1189,1,70
1190,2,105
1191,1,47
1192,5,138
1193,11,355
1194,7,107
1195,0,81
1196,2,95
1197,1,68
1198,4,136
1199,3,47
1200,1,142
1201,1,87
1202,4,99
1203,4,59
1204,1,96
1205,6,282
1206,2,62
1207,4,130
1208,3,67
1209,2,49
1210,4,97
1211,5,224
1212,2,429
1213,1,107
1214,2,87
1215,2,97
1216,4,85
1217,1,79
1218,4,110
1219,1,115
1220,1,135
1221,1,38
1222,4,74
1223,1,115
1224,4,160
1225,3,95
1226,5,98
1227,19,1556
1228,1,129
1229,6,96
1230,1,76
1231,0,55
1232,1,49
1233,1,81
1234,3,174
1235,1,130
1236,5,181
1237,1,59
1238,4,138
1239,4,92
1240,1,71
1241,3,72
1242,2,144
1243,4,134
1244,1,51
1245,3,174
1246,1,243
1247,2,45
1248,3,57
1249,1,236
1250,1,103
1251,4,188
1252,1,124
1253,2,435
1254,5,121
1255,3,118
1256,6,887
1257,1,107
1258,3,75
1259,9,230
1260,1,69
1261,4,57
1262,1,71
1263,4,151
1264,3,61
1265,1,59
1266,1,50
1267,1,86
1268,1,107
1269,7,252
1270,1,61
1271,1,256
1272,1,57
1273,1,176
1274,1,102
1275,1,44
1276,9,381
1277,1,83
1278,1,37
1279,1,112
1280,1,69
1281,1,135
1282,1,84
1283,2,197
1284,4,118
1285,1,102
1286,4,145
1287,1,99
1288,1,81
1289,1,144
1290,1,37
1291,4,117
1292,1,81
1293,5,175
1294,1,96
1295,1,48
1296,2,95
1297,4,72
1298,4,95
1299,2,61
1300,9,132
1301,2,80
1302,5,138
1303,1,50
1304,1,65
1305,16,379
1306,1,94
1307,1,66
1308,0,83
1309,1,87
1310,1,144
1311,12,479
1312,0,47
1313,4,143
1314,6,216
1315,1,61
1316,4,125
1317,1,76
1318,1,149
1319,3,135
1320,3,94
1321,4,243
1322,5,149
1323,2,113
1324,2,81
1325,1,71
1326,7,128
1327,3,87
1328,4,61
1329,2,67
1330,5,230
1331,2,358
1332,1,87
1333,4,140
1334,2,84
1335,2,156
1336,4,62
1337,16,430
1338,0,112
1339,2,58
1340,2,65
1341,4,140
1342,5,128
1343,1,133
1344,2,56
1345,1,76
1346,2,96
1347,4,101
1348,4,124
1349,4,104
1350,1,110
1351,4,97
1352,8,184
1353,4,183
1354,6,182
1355,1,60
1356,1,160
1357,6,165
1358,1,70
1359,1,94
1360,1,113
1361,1,54
1362,4,121
1363,4,209
1364,1,63
1365,5,138
1366,1,59
1367,1,77
1368,1,76
1369,3,36
1370,4,112
1371,1,60
1372,6,124
1373,3,78
1374,2,60
1375,1,35
1376,4,154
1377,8,116
1378,1,65
1379,7,202
1380,7,148
1381,1,64
1382,1,54
1383,1,53
1384,5,82
1385,4,100
1386,4,140
1387,3,125
1388,4,129
1389,2,103
1390,1,91
1391,1,96
1392,4,161
1393,4,166
1394,1,82
1395,4,114
1396,1,74
1397,2,46
1398,4,111
1399,3,67
1400,3,202
1401,3,71
1402,1,104
1403,2,91
1404,3,119
1405,0,61
1406,1,138
1407,2,65
1408,3,99
1409,13,133
1410,2,77
1411,1,89
1412,8,324
1413,1,94
1414,4,280
1415,1,68
1416,4,334
1417,0,63
1418,0,54
1419,4,159
1420,1,127
1421,4,81
1422,4,147
1423,3,105
1424,3,81
1425,1,131
1426,1,59
1427,7,179
1428,2,78
1429,2,65
1430,4,107
1431,1,83
1432,4,159
1433,3,76
1434,4,195
1435,2,92
1436,2,95
1437,3,126
1438,4,108
1439,4,162
1440,4,134
1441,5,126
1442,4,125
1443,1,37
1444,4,63
1445,0,67
1446,2,39
1447,4,132
1448,1,64
1449,2,60
1450,8,270
1451,2,104
1452,4,123
1453,1,81
1454,6,175
1455,4,157
1456,1,88
1457,2,110
1458,4,136
1459,1,136
1460,1,25
1461,2,51
1462,1,68
1463,4,168
1464,4,149
1465,1,175
1466,4,81
1467,5,132
1468,1,111
1469,8,216
1470,2,67
1471,4,88
1472,2,76
1473,3,60
1474,9,177
1475,2,81
1476,4,136
1477,3,155
1478,7,106
1479,2,125
1480,4,169
1481,2,139
1482,2,136
1483,1,116
1484,18,634
1485,9,321
1486,4,108
1487,2,48
1488,3,51
1489,5,122
1490,5,178
1491,3,61
1492,4,113
1493,4,176
1494,4,130
1495,2,82
1496,5,111
1497,6,169
1498,4,284
1499,3,76
1500,5,121
1501,5,188
1502,2,139
1503,2,88
1504,4,213
1505,1,57
1506,5,155
1507,3,84
1508,5,207
1509,3,84
1510,4,186
1511,2,117
1512,2,165
1513,4,156
1514,2,75
1515,16,260
1516,2,81
1517,4,91
1518,5,188
1519,4,175
1520,6,200
1521,3,72
1522,4,106
1523,4,136
1524,1,46
1525,1,51
1526,3,108
1527,2,84
1528,2,66
1529,23,276
1530,10,210
1531,1,115
1532,6,126
1533,3,70
1534,3,118
1535,5,103
1536,3,169
1537,1,114
1538,1,70
1539,1,93
1540,2,103
1541,1,73
1542,1,45
1543,1,115
1544,5,90
1545,4,123
1546,1,41
1547,2,304
1548,2,72
1549,2,116
1550,5,72
1551,2,149
1552,1,61
1553,4,97
1554,5,107
1555,5,114
1556,3,62
1557,1,61
1558,4,214
1559,4,113
1560,3,76
1561,1,99
1562,1,37
1563,3,100
1564,2,73
1565,2,89
1566,2,90
1567,4,210
1568,4,140
1569,4,198
1570,4,73
1571,7,151
1572,6,70
1573,1,62
1574,1,54
1575,1,109
1576,15,223
1577,0,47
1578,4,86
1579,6,134
1580,7,179
1581,3,77
1582,1,89
1583,4,208
1584,6,193
1585,3,100
1586,6,169
1587,2,65
1588,2,95
1589,6,153
1590,8,78
1591,4,71
1592,5,181
1593,5,208
1594,4,164
1595,1,103
1596,4,162
1597,1,122
1598,4,129
1599,3,99
1600,1,97
